538733872
122038257
378532412
6283426718
647945429
5182542337
1074543712
6081809876
5872430015
6142130109
510688978
6120322662
582423623
5417783161
1401169793
5791971950
5428400053
381309712
5615222416
949389523
5621695552
380116124
1120509421
1383437670
5755841292
5014682239
5641625880
6280263567
849887491
419288174
5604932037
5857874545
1489907073
352524185
582779561
447588973
476041007
5613818472
6114560763
5991419336
337000315
5338343838
386801642
460480061
341708717
1047915734
878292411
906854679
6103716043
882712986
1042281267
716289595
1664736414
681285031
327029362
5861652549
623855924
430109342
1912972734
478073170
6278683390
6060628301
376064198
1825086214
2128665511
5603079899
2072591292
1868795050
372266024
5708002826
6059418911
605361713
1938645358
748358817
5542591447
412965556
521058829
322562522
5922205655
5909603005
424424481
5244009985
1088218914
410964598
1086435794
292881013
208711097
781630544
1701326819
5215259246
495684356
835999055
306253933
425017775
1772290454
386364242
5621809504
5749422815
2111103549
431328812
590487857
5826092948
703853744
356629396
690132209
341775676
705533142
401143700
445641403
428501359
396586976
1016858919
6196675337
842673284
342100205
355871647
390058778
337270570
411609412
705164854
497646645
310853846
393090835
240369785
1781616248
439029284
463722050
350257641
853323580
582131546
601038504
735309600
323769066
661120971
417261466
5994964413
5032346348
6142221804
550274648
6103907354
846503299
5562845137
5472450672
5634324990
331076427
5963344937
315034791
5476605462
5790426921
846319671
654264497
427883596
427568937
332201839
683230840
461205811
588214703
1287953805
551402212
2128757224
1469717259
989729983
1833474239
304742222
1760567588
260224312
6052841313
6122403983
421673934
718900426
766894053
488017976
356112657
376767616
634903830
359604272
504378643
291695939
5082191200
5380143930
545961485
288849982
877962653
488078132
425502423
411771463
737072044
1786004653
316039715
1408191728
380307820
5848173247
5694743074
1958934799
5769175128
617201098
385824979
292260616
390697838
5778824428
1308962463
688019400
509363242
385197743
6109939555
5916356496
916803531
420709256
431327085
895137260
312810024
799088382
401474542
5934957562
988548944
1126854475
487131983
974629465
333697012
5716719734
779440348
565487342
401729544
638248549
564767911
395458142
350528650
384576457
784280956
1044809871
1011357828
5535285685
466747554
340741849
389992909
5419329091
840413484
389611791
512158947
6275116719
349626444
6089533499
1021827847
653124248
357015948
537936342
733323513
429714167
292632127
5040963686
1579201528
490665671
368747844
6199628154
6121022955
1145409964
564920688
360265139
1407316223
767963788
609393901
332678187
505834498
5683353548
6266920555
429881808
1149629059
452250686
372778997
712918002
423939922
614585581
533361793
635214284
479561757
337836562
593226502
1301011143
1328296144
5573667523
1935886510
424809972
376010266
5412498002
5076324423
363734861
302118175
260366012
351533540
380927756
767938720
386601399
459785171
426931492
351004954
675649649
377669423
408686053
422666018
340843678
503486874
2118054090
405679141
287599926
254300497
824464027
5891074321
408787150
1739215498
504616538
834419652
487220243
5586001631
1362979782
539984608
373955854
1919728944
5286888971
1180758702
577780444
396747316
325353126
449206170
873222153
597291129
413195165
887239824
1505963521
565226767
607571057
439821632
444893005
434691509
5143121629
408929386
350540236
402323756
386923262
913471929
618539063
5882266310
519768033
774947075
488676518
363288365
346711784
1053874429
934324479
5445321372
875129534
465955328
402371974
425480349
387104455
362495727
303231684
393475666
649855441
358242798
312847024
375992129
479849986
824153863
714445736
1218827636
377796445
418593267
2123854723
410386032
710382542
380766683
399590851
457495595
1809979935
440957592
430986881
670293938
800951886
1281593466
437841271
886836926
1156248354
5505324594
381471138
1414976036
394212995
323412443
390583599
326995840
504431138
1519545119
891451887
361259951
322421639
444625771
1093612614
436773284
373425423
347086124
955954272
1086741434
1138251639
5394588013
475732767
319354924
1949567779
968360025
433754726
337933020
1768690626
448756810
1065290261
942186859
296102569
566656512
277449779
1445343838
386272651
946922752
1905019252
322832869
385891630
768557166
1048417621
886487474
5388384782
1366892650
693204560
359226783
434795393
5954670938
6025977589
6174026836
6172070122
6267518473
1577753666
351308080
5735144410
1882234850
330590244
404729986
5633835334
716634412
775814634
1382864362
382648596
400916361
342848705
5667024561
341602864
557059222
1485556137
832586465
962593764
1968813140
456366249
445825618
562519613
805864933
1291167612
786345954
427412770
533343251
596292223
1013976627
422744401
416220151
336608279
303952548
393459144
440537259
617085283
309134188
309520703
600417233
331571207
851184462
554469002
356750995
316875974
518190180
592811753
1878111287
548905118
423076197
5870948091
5647755366
642350825
1204274314
1027515202
341475393
428695437
392003539
893288690
412610961
423817572
483684518
5494122111
1179060572
694417847
427914651
488936799
383699116
1010241060
5091695684
502954397
1032444980
423693677
333839473
333857497
259102276
585604770
400655561
5251650132
629496851
987939250
451096463
1371545089
382987062
5427777865
332940069
980582814
797026594
992468507
5146322508
731944749
1451493292